<h1>Folklorna mapa</h1>

<%= image_tag("slovakia_map.png", :alt => "Folklorna mapa", :usemap => "#map") %>
<map name="map">
    <area id = "1" href="#" shape="poly" coords="644, 232, 649, 205, 674, 184, 676, 155, 660, 153, 652, 143, 644, 160, 620, 158, 608, 146, 606, 167, 588, 170, 574, 170, 571, 209, 575, 216, 583, 222, 583, 237, 602, 248, 640, 242" />
    <area id = "2" href="#" shape="poly" coords="675, 155, 659, 153, 654, 144, 644, 160, 622, 158, 607, 147, 605, 167, 591, 169, 575, 167, 566, 146, 581, 121, 581, 103, 587, 85, 605, 73, 605, 59, 615, 58, 629, 68, 637, 89, 659, 100, 674, 106, 700, 119, 697, 128" />
    <area id = "3" href="#" shape="poly" coords="606, 61, 604, 71, 587, 87, 580, 104, 581, 122, 566, 147, 540, 153, 515, 141, 496, 127, 499, 108, 486, 85, 481, 76, 486, 49, 508, 72, 524, 57, 520, 49, 529, 45, 539, 51, 548, 43, 568, 51, 592, 47" />
    <area id = "4" href="#" shape="poly" coords="570, 208, 547, 206, 543, 212, 520, 216, 503, 210, 485, 202, 476, 183, 489, 162, 499, 169, 513, 160, 516, 143, 542, 152, 541, 160, 567, 149, 573, 166" />
    <area id = "5" href="#" shape="poly" coords="485, 104, 499, 111, 496, 128, 507, 136, 515, 146, 514, 160, 500, 166, 491, 163, 475, 181, 465, 168, 437, 145, 429, 135, 451, 108, 468, 106" />
    <area id = "6" href="#" shape="poly" coords="484, 50, 481, 78, 472, 78, 452, 76, 451, 64, 440, 68, 415, 58, 431, 57, 434, 43, 453, 47, 463, 52, 467, 48" />
    <area id = "6" href="#" shape="poly" coords="486, 101, 468, 107, 451, 108, 430, 134, 396, 132, 392, 113, 394, 98, 375, 79, 388, 75, 403, 84, 414, 57, 417, 66, 441, 69, 452, 65, 454, 76, 473, 78, 486, 87" />
    <area id = "7" href="#" shape="poly" coords="481, 201, 447, 207, 420, 255, 408, 252, 399, 254, 391, 267, 371, 274, 367, 268, 372, 255, 363, 224, 373, 227, 366, 204, 370, 195, 352, 178, 371, 161, 412, 156, 430, 134, 436, 145, 464, 168, 476, 184" />
    <area id = "8" href="#" shape="poly" coords="367, 268, 356, 265, 335, 253, 324, 261, 317, 276, 305, 276, 289, 218, 301, 205, 333, 198, 349, 193, 353, 180, 370, 195, 366, 202, 375, 228, 362, 225, 373, 255" />
    <area id = "9" href="#" shape="poly" coords="397, 134, 355, 132, 326, 122, 307, 130, 304, 141, 296, 128, 275, 135, 269, 155, 269, 169, 295, 177, 335, 175, 347, 187, 371, 160, 412, 156, 428, 138" />
    <area id = "10" href="#" shape="poly" coords="291, 82, 322, 84, 343, 69, 366, 79, 377, 81, 393, 100, 392, 115, 394, 133, 354, 133, 329, 125, 311, 129, 304, 137, 296, 130, 275, 133, 285, 122" />
    <area id = "11" href="#" shape="poly" coords="293, 36, 292, 55, 284, 71, 289, 81, 321, 83, 341, 69, 365, 78, 370, 65, 371, 40, 360, 43, 333, 3, 319, 13, 308, 15" />
    <area id = "12" href="#" shape="poly" coords="199, 40, 228, 13, 273, 14, 275, 32, 291, 34, 291, 52, 263, 52, 261, 61, 240, 59, 236, 38" />
    <area id = "13" href="#" shape="poly" coords="168, 73, 177, 49, 201, 42, 236, 40, 241, 58, 261, 61, 265, 53, 291, 54, 283, 73, 256, 81, 240, 99, 227, 110, 207, 115" />
    <area id = "14" href="#" shape="poly" coords="268, 155, 275, 129, 285, 120, 288, 85, 280, 73, 255, 81, 241, 99, 229, 111, 234, 118, 235, 130, 245, 150" />
    <area id = "15" href="#" shape="poly" coords="270, 170, 264, 185, 263, 214, 280, 226, 290, 217, 302, 206, 332, 198, 349, 191, 335, 176, 296, 178" />
    <area id = "16" href="#" shape="poly" coords="304, 275, 282, 282, 261, 276, 240, 281, 225, 296, 219, 293, 220, 227, 241, 209, 260, 185, 266, 201, 263, 215, 282, 226, 290, 218" />
    <area id = "17" href="#" shape="poly" coords="185, 295, 218, 296, 220, 258, 219, 225, 211, 215, 206, 223, 181, 248, 192, 262" />
    <area id = "18" href="#" shape="poly" coords="211, 215, 219, 225, 243, 209, 256, 190, 264, 185, 269, 169, 269, 156, 245, 151, 232, 174, 220, 171, 213, 180, 200, 186, 207, 211" />
    <area id = "19" href="#" shape="poly" coords="202, 185, 181, 191, 172, 174, 144, 151, 174, 137, 174, 125, 190, 117, 228, 113, 235, 118, 234, 131, 247, 152, 232, 173, 220, 172, 213, 182" />
    <area id = "20" href="#" shape="poly" coords="185, 295, 168, 296, 152, 287, 136, 292, 137, 233, 121, 226, 137, 195, 128, 188, 148, 154, 173, 174, 168, 177, 181, 194, 202, 186, 208, 212, 206, 224, 180, 250, 191, 262" />
    <area id = "21" href="#" shape="poly" coords="103, 122, 124, 112, 136, 110, 143, 97, 160, 93, 168, 73, 185, 92, 199, 107, 210, 117, 203, 119, 191, 116, 186, 123, 174, 125, 174, 139, 147, 148, 142, 167, 112, 153" />
    <area id = "22" href="#" shape="poly" coords="64, 191, 70, 173, 77, 173, 90, 161, 112, 155, 140, 169, 138, 176, 131, 174, 127, 187, 137, 195, 121, 226, 137, 235, 133, 283, 115, 285, 105, 268, 72, 253, 80, 240, 76, 211" />
    <area id = "23" href="#" shape="poly" coords="44, 272, 91, 317, 116, 327, 142, 325, 167, 333, 189, 328, 213, 331, 221, 325, 233, 321, 226, 312, 224, 298, 185, 296, 170, 297, 152, 289, 136, 292, 130, 285, 115, 285, 105, 268, 72, 254, 62, 242" />
    <area id = "24" href="#" shape="poly" coords="43, 271, 64, 244, 73, 251, 79, 241, 77, 209, 56, 190, 37, 223, 14, 222, 13, 232, 22, 247, 22, 259" />
    <area id = "25" href="#" shape="poly" coords="13, 222, 36, 223, 52, 193, 62, 187, 69, 172, 78, 172, 90, 159, 111, 154, 103, 125, 84, 124, 71, 125, 52, 113, 37, 123, 19, 156, 15, 169, 3, 192, 3, 207" />
</map>


<script type="text/javascript">
$(function()
{
    $('img').mapster({
    fillOpacity: 0.5,
    render_highlight: {
        fillColor: '2aff00',
        stroke: true,
        altImage: "<%= image_path('slovakia_map_2.png') %>"
    },
    render_select: {
        fillColor: 'ff000c',
        stroke: false,
        altImage: "<%= image_path('slovakia_map_2.png') %>"
    },

    fadeInterval: 50,
    mapKey: 'id',
    });
})
</script>